1
3
4
5
6
8
9
12
14
15
18
19
20
21
22
24
25
26
28
31
32
33
34
35
36
37
39
40
41
42
44
45
46
47
48
49
53
55
56
57
58
59
62
63
65
66
67
69
70
71
73
74
76
77
79
80
81
82
83
85
86
87
88
89
90
91
92
93
94
95
97
98
99
100
101
102
103
104
105
106
107
108
111
114
115
117
118
119
123
124
125
127
129
130
131
132
133
134
135
136
137
138
139
141
143
144
145
146
147
148
150
151
153
154
155
157
159
160
162
163
164
167
169
170
172
173
174
175
176
178
179
182
183
185
186
189
195
196
201
203
204
206
207
210
212
213
216
217
218
221
223
224
225
229
230
231
232
233
235
239
240
241
242
243
244
245
246
249
250
251
252
254
256
257
260
261
262
263
264
265
266
269
270
271
272
273
274
277
278
282
285
287
289
292
293
295
297
298
299
300
302
304
305
307
308
309
310
312
313
315
317
318
319
320
321
323
324
325
326
327
329
330
331
332
333
334
335
338
341
342
344
346
347
348
349
350
351
352
353
354
355
356
357
358
359
360
364
365
366
368
370
371
372
374
376
377
378
379
380
383
384
385
387
389
390
391
392
393
395
397
398
399
400
401
403
406
408
409
410
411
412
415
416
418
420
421
422
423
424
425
426
428
432
433
434
439
440
443
445
446
450
451
452
453
455
457
458
459
460
461
462
463
464
465
466
467
468
469
471
472
473
474
475
476
477
478
479
480
482
483
484
485
487
489
490
494
496
497
498
500
501
504
509
510
511
514
515
517
519
520
525
527
529
530
532
534
535
536
537
538
539
541
542
543
544
545
548
550
551
552
554
560
562
563
565
566
567
569
571
574
576
579
584
585
587
588
591
592
594
597
598
599
601
602
605
606
608
609
610
611
612
613
614
616
619
621
622
624
625
626
627
628
630
631
633
634
636
637
639
640
641
642
644
646
650
651
652
653
654
655
656
659
660
661
662
665
667
668
669
671
672
673
676
681
682
688
689
692
693
694
695
696
699
700
701
702
703
704
706
708
709
711
712
714
721
723
726
727
728
730
731
732
733
735
737
739
740
743
744
745
746
749
750
752
754
756
759
760
762
763
764
765
767
768
769
770
771
772
775
776
779
781
782
785
789
790
791
792
793
794
798
799
800
801
802
803
805
807
808
812
814
815
817
818
820
824
826
829
831
832
833
834
837
843
846
847
848
849
850
852
853
855
856
857
860
861
862
863
864
866
867
869
870
872
873
875
876
877
879
880
882
883
884
885
886
887
889
892
893
894
895
896
897
898
899
900
901
902
905
906
907
908
909
910
911
912
915
916
917
919
923
927
928
929
930
931
934
935
936
937
938
941
943
944
945
946
947
949
950
952
954
955
956
957
959
960
961
966
968
969
970
971
973
974
976
977
978
979
980
984
986
989
990
993
994
995
996
997
1000
1007
1008
1010
1012
1016
1017
1020
1021
1023
1025
1027
1028
1029
1030
1031
1034
1035
1037
1038
1039
1040
1044
1045
1048
1050
1051
1053
1055
1061
1064
1065
1066
1069
1070
1074
1075
1076
1079
1080
1081
1082
1084
1085
1087
1088
1090
1093
1094
1096
1097
1098
1102
1103
1105
1107
1109
1112
1113
1114
1116
1123
1124
1125
1126
1128
1129
1132
1134
1137
1138
1140
1142
1144
1147
1149
1151
1152
1154
1157
1158
1159
1160
1161
1163
1166
1168
1170
1171
1173
1175
1176
1180
1182
1183
1184
1187
1188
1189
1192
1195
1197
1198
1201
1202
1203
1207
1208
1210
1211
1213
1214
1216
1217
1218
1221
1222
1223
1224
1226
1227
1230
1231
1236
1237
1239
1240
1241
1242
1243
1245
1246
1248
1250
1251
1252
1255
1256
1259
1262
1263
1264
1265
1267
1268
1269
1271
1272
1273
1275
1277
1282
1283
1284
1286
1287
1288
1290
1291
1293
1294
1297
1298
1299
1300
1303
1304
1305
1306
1307
1309
1311
1313
1314
1315
1317
1318
1319
1320
1321
1322
1323
1324
1325
1326
1327
1330
1331
1333
1335
1336
1337
1339
1341
1342
1344
1348
1349
1350
1351
1352
1353
1355
1356
1357
1358
1359
1361
1362
1363
1364
1365
1366
1368
1369
1370
1371
1372
1373
1375
1379
1380
1381
1383
1384
1385
1386
1387
1388
1389
1390
1391
1392
1393
1395
1398
1401
1402
1406
1407
1408
1409
1411
1412
1413
1414
1415
1416
1417
1418
1419
1420
1421
1422
1423
1428
1429
1431
1432
1433
1435
1437
1438
1439
1441
1443
1446
1447
1448
1451
1452
1454
1455
1456
1457
1458
1459
1462
1463
1464
1465
1466
1467
1469
1470
1471
1472
1473
1474
1475
1478
1481
1482
1483
1484
1485
1486
1487
1488
1489
1490
1493
1494
1496
1500
1501
1502
1503
1504
1505
1507
1509
1510
1512
1513
1514
1515
1517
1518
1519
1520
1521
1522
1523
1524
1525
1526
1527
1528
1529
1530
1531
1532
1534
1536
1539
1540
1541
1542
1543
1544
1550
1551
1553
1555
1557
1558
1559
1560
1562
1563
1564
1565
1566
1568
1569
1570
1572
1573
1574
1575
1577
1578
1580
1581
1582
1584
1585
1587
1588
1590
1591
1593
1594
1595
1596
1599
1600
1601
1603
1605
1611
1612
1615
1616
1617
1619
1621
1622
1623
1624
1625
1627
1629
1632
1633
1634
1635
1636
1642
1643
1644
1647
1648
1649
1650
1651
1652
1653
1654
1658
1659
1661
1662
1665
1666
1667
1668
1669
1670
1673
1674
1675
1676
1677
1680
1681
1684
1695
1698
1699
1700
1701
1703
1704
1705
1706
1707
1710
1711
1712
1714
1715
1716
1717
1718
1719
1720
1722
1723
1724
1725
1727
1730
1732
1735
1736
1740
1744
1745
1748
1750
1759
1763
1765
1771
1779
1780
1781
1785
1786
1788
1795
1799
1802
1803
1804
1806
1807
1811
1815
1818
1819
1820
1821
1823
1828
1830
1832
1833
1837
1840
1841
1843
1845
1846
1848
1849
1850
1852
1858
1860
1861
1863
1864
1866
1868
1869
1871
1872
1874
1877
1878
1879
1880
1882
1883
1884
1885
1886
1887
1889
1891
1892
1893
1895
1896
1897
1898
1902
1903
1906
1907
1909
1912
1915
1916
1917
1918
1921
1923
1926
1928
1929
1930
1931
1933
1935
1940
1941
1942
1943
1944
1945
1947
1949
1951
1954
1961
1962
1966
1968
1971
1972
1974
1975
1976
1977
1981
1982
1985
1986
1987
1988
1989
1990
1991
1992
1994
1995
1996
1997
1999
2001
2009
2011
2013
2014
2018
2020
2021
2022
2023
2024
2026
2027
2028
2030
2031
2033
2035
2036
2037
2038
2039
2041
2042
2043
2047
2050
2053
2056
2057
2060
2061
2070
2075
2076
2077
2079
2082
2083
2087
2088
2089
2092
2094
2096
2097
2098
2100
2101
2103
2104
2105
2106
2107
2109
2115
2117
2118
2120
2121
2123
2125
2127
2129
2130
2131
2133
2139
2140
2142
2147
2148
2150
2153
2154
2155
2156
2157
2158
2161
2162
2163
2164
2165
2166
2168
2171
2173
2174
2175
2176
2178
2179
2182
2185
2187
2189
2190
2191
2193
2195
2196
2200
2201
2206
2207
2208
2209
2210
2212
2213
2214
2215
2217
2218
2220
2221
2222
2223
2226
2229
2231
2233
2234
2235
2236
2240
2241
2243
2244
2245
2247
2251
2253
2254
2255
2256
2257
2258
2259
2260
2261
2262
2263
2264
2266
2269
2271
2272
2273
2275
2276
2277
2278
2280
2281
2282
2284
2287
2289
2290
2291
2292
2296
2297
2298
2299
2300
2301
2303
2304
2305
2306
2309
2311
2312
2313
2314
2316
2317
2318
2322
2324
2326
2327
2328
2331
2333
2334
2335
2336
2337
2339
2341
2342
2344
2346
2347
2348
2349
2350
2351
2353
2354
2355
2356
2357
2358
2359
2361
2362
2364
2365
2366
2367
2372
2373
2376
2378
2379
2380
2384
2385
2386
2387
2388
2389
2390
2392
2393
2395
2396
2398
2399
2404
2405
2406
2409
2410
2411
2413
2415
2418
2420
2421
2423
2425
2429
2432
2433
2435
2437
2441
2443
2444
2445
2446
2447
2448
2451
2452
2458
2459
2460
2461
2463
2464
2465
2466
2467
2470
2471
2472
2473
2474
2475
2478
2479
2480
2482
2484
2485
2489
2491
2493
2494
2495
2496
2498
2500
2502
2504
2506
2507
2509
2510
2513
2516
2518
2519
2526
2527
2531
2532
2533
2535
2536
2540
2542
2545
2546
2547
2548
2549
2550
2552
2555
2556
2557
2559
2560
2561
2562
2565
2567
2568
2569
2574
2575
2580
2581
2582
2583
2584
2585
2586
2587
2593
2596
2598
2599
2601
2604
2605
2610
2612
2613
2614
2615
2617
2618
2620
2622
2624
2627
2628
2632
2633
2634
2639
2640
2641
2642
2643
2644
2646
2650
2652
2654
2655
2658
2659
2661
2662
2663
2665
2666
2667
2673
2674
2675
2679
2681
2688
2689
2695
2696
2697
2699
2701
2702
2703
2704
2706
2707
2710
2711
2712
2713
2714
2719
2721
2725
2726
2727
2728
2730
2731
2732
2735
2736
2737
2738
2739
2741
2743
2745
2748
2749
2750
2751
2752
2753
2754
2755
2757
2758
2761
2762
2763
2771
2774
2778
2780
2782
2783
2784
2785
2786
2787
2788
2789
2790
2794
2801
2802
2804
2805
2807
2809
2812
2813
2814
2815
2816
2818
2819
2820
2821
2822
2824
2825
2828
2829
2830
2831
2836
2838
2839
2843
2844
2848
2849
2851
2852
2855
2857
2858
2859
2860
2862
2865
2869
2870
2873
2874
2877
2879
2880
2883
2889
2892
2893
2895
2896
2901
2902
2905
2909
2911
2912
2913
2915
2916
2917
2921
2922
2923
2924
2927
2943
2944
2946
2948
2949
2950
2953
2956
2957
2961
2962
2967
2970
2971
2973
2979
2985
2986
2987
2991
2992
2993
2994
2996
3004
3005
3007
3008
3012
3019
3021
3023
3024
3025
3026
3027
3028
3030
3033
3035
3036
3037
3038
3043
3046
3048
3051
3054
3055
3058
3061
3063
3064
3066
3068
3077
3078
3079
3081
3082
3087
3088
3089
3092
3096
3097
3098
3102
3104
3105
3107
3109
3111
3112
3120
3121
3122
3123
3131
3135
3142
3143
3153
3154
3156
3157
3160
3165
3167
3168
3169
3171
3172
3173
3182
3184
3185
3188
3190
3191
3193
3195
3197
3198
3215
3216
3217
3222
3224
3231
3232
3233
3234
3236
3237
3238
3239
3240
3241
3243
3245
3246
3247
3249
3250
3252
3253
3254
3256
3257
3258
3259
3260
3261
3262
3263
3266
3267
3269
3270
3271
3277
3278
3279
3281
3282
3283
3285
3286
3287
3288
3289
3290
3292
3293
3294
3295
3296
3297
3301
3303
3304
3307
3308
3310
3311
3312
3313
3314
3315
3317
3318
3320
3321
3322
3323
3324
3325
3326
3327
3328
3329
3330
3331
3333
3335
3336
3337
3338
3340
3342
3343
3345
3347
3348
3350
3351
3352
3353
3356
3359
3361
3362
3363
3364
3365
3366
3369
3371
3372
3373
3375
3376
3377
3380
3381
3382
3384
3386
3387
3388
3389
3390
3391
3392
3396
3397
3398
3399
3401
3402
3403
3406
3408
3410
3416
3417
3418
3420
3421
3423
3424
3425
3426
3428
3429
3430
3431
3432
3434
3437
3438
3439
3440
3441
3447
3448
3451
3452
3453
3454
3455
3456
3459
3460
3461
3462
3463
3465
3466
